Class = 1 (Probability: [0. 1.]) Action: 3.0 (Probability: [0.15832616 0.26310259 0.49093674 0.08763451])
Class = 1 (Probability: [0. 1.]) Action: 4.0 (Probability: [0.         0.14985595 0.01       0.84014405])
Class = 1 (Probability: [0.01 0.99]) Action: 4.0 (Probability: [0.    0.115 0.01  0.875])
