Class = 1 (Probability: [0. 1.]) Action: 3.0 (Probability: [0.03874637 0.29651749 0.60009277 0.06464337])
Class = 1 (Probability: [0. 1.]) Action: 4.0 (Probability: [0.    0.04  0.105 0.855])
Class = 1 (Probability: [0.27 0.73]) Action: 4.0 (Probability: [0.01  0.1   0.115 0.775])
