Class = 1 (Probability: [0. 1.]) Action: 1.0 (Probability: [0.         0.50796865 0.20264819 0.28938316])
Class = 1 (Probability: [0. 1.]) Action: 3.0 (Probability: [0.   0.07 0.79 0.14])
Class = 1 (Probability: [0. 1.]) Action: 4.0 (Probability: [0.         0.41605222 0.10578956 0.47815822])
