Class = 1 (Probability: [0. 1.]) Action: 3.0 (Probability: [0.02177475 0.41551265 0.4987191  0.06399349])
Class = 1 (Probability: [0. 1.]) Action: 4.0 (Probability: [0.         0.00111202 0.01       0.98888798])
